Name,Date,Open,High,Low,Close,Volume
INPOST,20151013,24.70,25.25,24.10,24.26,47375
INPOST,20151014,24.58,24.69,24.10,24.50,11280
INPOST,20151015,24.33,24.50,24.10,24.20,6513
INPOST,20151016,24.39,24.39,24.20,24.35,2250
INPOST,20151019,24.10,24.12,24.04,24.05,6565
INPOST,20151020,24.00,24.04,22.24,23.00,27759
INPOST,20151021,23.00,23.16,22.92,23.00,14310
INPOST,20151022,22.99,22.99,22.05,22.25,10501
INPOST,20151023,21.92,22.17,21.85,22.00,19734
INPOST,20151026,21.70,21.95,21.70,21.70,4368
INPOST,20151027,21.31,22.28,20.10,22.28,18732
INPOST,20151028,22.29,22.30,21.81,22.00,2476
INPOST,20151029,21.10,21.85,21.10,21.50,15549
INPOST,20151030,21.50,22.80,21.50,22.50,7376
INPOST,20151102,22.73,23.50,22.73,23.50,7260
INPOST,20151103,23.50,23.50,23.00,23.00,3258
INPOST,20151104,22.99,22.99,22.85,22.95,343
INPOST,20151105,22.50,22.50,22.30,22.50,625
INPOST,20151106,22.95,23.00,22.95,22.95,851
INPOST,20151109,23.00,23.00,22.00,22.00,661
INPOST,20151110,22.00,22.00,21.20,21.22,1051
INPOST,20151112,21.50,21.78,21.21,21.26,788
INPOST,20151113,21.26,21.30,21.20,21.26,6211
INPOST,20151116,21.20,21.20,20.80,20.82,14653
INPOST,20151117,20.82,21.00,20.80,21.00,96509
INPOST,20151118,20.80,21.00,20.80,20.89,7331
INPOST,20151119,20.90,22.00,20.85,21.50,1719
INPOST,20151120,21.70,21.70,21.00,21.40,1362
INPOST,20151123,21.00,21.12,20.81,20.95,8201
INPOST,20151124,20.80,21.00,20.80,20.90,4829
INPOST,20151125,20.81,20.87,20.50,20.87,11539
INPOST,20151126,20.89,21.00,20.75,20.95,2421
INPOST,20151127,20.85,21.40,20.75,21.40,2664
INPOST,20151130,21.40,21.98,20.80,21.88,18083
INPOST,20151201,21.80,21.80,21.00,21.60,2457
INPOST,20151202,21.06,21.50,20.90,20.90,58125
INPOST,20151203,20.80,21.00,20.60,21.00,958
INPOST,20151204,20.71,20.90,20.41,20.90,5667
INPOST,20151207,20.41,21.00,20.41,20.60,1008
INPOST,20151208,20.60,20.60,20.49,20.50,172
INPOST,20151209,20.42,20.43,20.41,20.41,2252
INPOST,20151210,20.42,20.50,20.41,20.41,2820
INPOST,20151211,20.41,20.41,19.00,19.50,18782
INPOST,20151214,19.50,19.50,18.50,19.00,10524
INPOST,20151215,18.50,19.63,18.50,19.20,3895
INPOST,20151216,19.00,19.80,18.50,19.80,3430
INPOST,20151217,19.80,21.29,19.79,20.90,3930
INPOST,20151218,20.90,20.90,20.39,20.90,1291
INPOST,20151221,20.90,20.95,20.40,20.88,3835
INPOST,20151222,20.88,20.88,19.15,20.88,4582
INPOST,20151223,20.02,20.90,19.66,20.60,6067
INPOST,20151228,20.10,20.90,20.00,20.90,9117
INPOST,20151229,20.90,21.00,20.46,20.98,4550
INPOST,20151230,20.99,21.98,20.99,21.97,12206
INPOST,20160104,21.31,21.50,20.00,21.50,3283
INPOST,20160105,21.16,21.49,20.49,20.49,2670
INPOST,20160107,20.50,20.50,20.21,20.30,610
INPOST,20160108,20.03,20.20,20.03,20.20,373
INPOST,20160111,20.01,20.02,19.99,19.99,1646
INPOST,20160112,19.57,20.45,19.57,20.45,105
INPOST,20160113,19.66,20.11,19.66,20.00,167
INPOST,20160114,20.45,20.45,20.38,20.38,17
INPOST,20160115,20.40,20.40,20.35,20.35,8
INPOST,20160118,20.10,20.10,19.02,19.35,1020
INPOST,20160119,19.50,19.50,19.01,19.01,670
INPOST,20160120,19.00,19.00,17.28,18.00,11281
INPOST,20160121,17.90,17.97,17.50,17.70,579
INPOST,20160122,17.50,17.70,16.40,16.90,14293
INPOST,20160125,16.32,16.50,15.90,15.99,4631
INPOST,20160126,15.88,16.00,15.05,16.00,5997
INPOST,20160127,16.04,16.04,15.60,15.67,2184
INPOST,20160128,15.67,15.99,15.67,15.90,4544
INPOST,20160129,15.93,15.93,15.36,15.61,3756
INPOST,20160201,15.50,15.50,15.30,15.30,1815
INPOST,20160202,15.05,15.06,14.32,14.32,5155
INPOST,20160203,14.48,14.48,13.39,13.60,9169
INPOST,20160204,13.51,14.49,13.51,14.31,135655
INPOST,20160205,14.89,15.90,14.50,14.50,35525
INPOST,20160208,14.51,15.58,14.51,15.48,5845
INPOST,20160209,15.70,15.70,14.90,15.01,2569
INPOST,20160210,15.28,15.90,15.28,15.70,7113
INPOST,20160211,15.89,15.89,15.00,15.22,2475
INPOST,20160212,15.33,15.60,15.17,15.17,928
INPOST,20160215,15.17,15.36,15.13,15.25,839
INPOST,20160216,15.24,15.50,14.66,15.38,3323
INPOST,20160217,15.37,15.90,15.37,15.90,11824
INPOST,20160218,16.01,16.70,16.01,16.25,7762
INPOST,20160219,16.26,16.26,15.55,15.70,12057
INPOST,20160222,15.40,15.79,15.01,15.30,17649
INPOST,20160223,15.20,15.20,14.86,15.20,5961
INPOST,20160224,15.10,15.19,15.02,15.17,134
INPOST,20160225,15.02,15.28,15.02,15.25,22980
INPOST,20160226,15.25,16.72,15.25,16.70,23948
INPOST,20160229,17.00,17.45,16.70,16.95,14781
INPOST,20160301,17.19,17.20,16.93,17.00,3670
INPOST,20160302,17.20,17.35,17.00,17.15,2713
INPOST,20160303,17.15,17.30,17.15,17.20,1612
INPOST,20160304,17.20,17.39,17.00,17.20,3315
INPOST,20160307,17.20,17.20,16.75,16.85,2395
INPOST,20160308,16.78,16.89,16.76,16.76,950
INPOST,20160309,16.79,16.79,15.55,16.19,3366
INPOST,20160310,16.18,17.48,16.18,17.43,5366
INPOST,20160311,17.47,17.47,17.15,17.41,1145
INPOST,20160314,17.17,17.45,17.02,17.44,1114
INPOST,20160315,17.41,17.41,17.01,17.05,893
INPOST,20160316,17.02,17.30,17.01,17.29,285
INPOST,20160317,17.30,17.74,17.30,17.35,5114
INPOST,20160318,17.40,17.68,17.40,17.45,1749
INPOST,20160321,17.44,17.44,17.25,17.25,1369
INPOST,20160322,17.20,17.20,16.41,16.70,4457
INPOST,20160323,16.90,17.29,16.90,17.10,2070
INPOST,20160324,17.24,17.29,17.11,17.19,2133
INPOST,20160329,17.20,17.20,17.00,17.02,1624
INPOST,20160330,17.00,17.05,17.00,17.00,509
INPOST,20160331,16.89,16.89,16.80,16.85,879
INPOST,20160401,16.65,16.84,16.50,16.50,2042
INPOST,20160404,16.85,16.90,16.66,16.90,196
INPOST,20160405,16.92,16.92,16.70,16.70,577
INPOST,20160406,17.00,17.10,17.00,17.00,674
INPOST,20160407,16.80,17.00,16.70,16.70,945
INPOST,20160408,16.70,16.89,16.50,16.89,940
INPOST,20160411,16.52,16.70,16.52,16.54,849
INPOST,20160412,16.54,16.54,16.50,16.52,1160
INPOST,20160413,16.51,16.52,16.37,16.50,3833
INPOST,20160414,16.49,16.99,16.49,16.80,10711
INPOST,20160415,16.80,17.40,16.80,17.40,1852
INPOST,20160418,17.40,17.45,17.25,17.25,6297
INPOST,20160419,17.12,17.85,17.10,17.85,4185
INPOST,20160420,17.80,18.50,17.46,18.50,16798
INPOST,20160421,18.60,19.48,17.60,18.70,4839
INPOST,20160422,18.69,18.69,18.15,18.15,365
INPOST,20160425,18.15,18.20,18.00,18.00,1046
INPOST,20160426,18.01,18.20,17.70,17.90,2190
INPOST,20160427,17.70,18.00,17.35,17.50,2227
INPOST,20160428,17.51,17.80,17.50,17.50,6314
INPOST,20160429,17.78,17.78,16.30,17.00,38180
INPOST,20160502,16.90,17.00,16.90,16.90,399
INPOST,20160504,16.90,17.50,16.90,17.00,19601
INPOST,20160505,16.97,17.29,16.97,17.00,608
INPOST,20160506,17.19,17.19,17.19,17.19,122
INPOST,20160509,17.20,17.20,17.00,17.00,875
INPOST,20160510,16.70,17.29,16.70,17.29,3379
INPOST,20160511,17.29,17.29,17.06,17.29,253
INPOST,20160512,17.25,17.75,17.25,17.50,2326
INPOST,20160513,17.70,17.70,17.70,17.70,290
INPOST,20160516,17.70,17.70,17.35,17.70,12560
INPOST,20160517,17.04,17.04,13.45,13.70,54424
INPOST,20160518,13.50,13.67,11.30,11.47,62338
INPOST,20160519,11.66,11.95,11.00,11.26,71688
INPOST,20160520,11.55,12.20,11.17,11.70,34144
INPOST,20160523,11.70,11.85,10.53,10.62,21066
INPOST,20160524,10.68,11.28,10.33,11.10,13144
INPOST,20160525,11.00,11.15,10.90,11.00,9513
INPOST,20160527,11.33,11.90,11.20,11.69,39537
INPOST,20160530,11.87,11.89,11.05,11.24,15200
INPOST,20160531,11.24,11.25,10.81,10.87,5406
INPOST,20160601,10.99,10.99,10.21,10.52,11394
INPOST,20160602,10.35,11.09,10.35,10.52,7753
INPOST,20160603,10.85,11.10,10.55,10.56,8360
INPOST,20160606,10.92,10.92,10.56,10.70,4788
INPOST,20160607,10.57,11.08,10.57,10.73,13682
INPOST,20160608,10.73,10.73,10.60,10.72,4075
INPOST,20160609,10.65,10.81,10.51,10.80,3094
INPOST,20160610,10.99,10.99,10.52,10.80,309
INPOST,20160613,10.79,10.79,10.51,10.69,587
INPOST,20160614,10.69,10.69,10.30,10.49,1221
INPOST,20160615,10.27,10.46,10.22,10.37,1156
INPOST,20160616,10.37,10.37,10.00,10.27,2882
INPOST,20160617,10.06,10.50,10.06,10.50,4511
INPOST,20160620,10.49,10.63,10.03,10.03,13640
INPOST,20160621,10.10,10.50,10.03,10.11,9390
INPOST,20160622,10.30,10.40,10.15,10.25,5523
INPOST,20160623,10.13,10.40,10.13,10.21,5187
INPOST,20160624,9.31,9.60,9.30,9.45,11973
INPOST,20160627,9.57,9.69,9.50,9.52,1789
INPOST,20160628,9.53,10.34,9.53,9.79,8161
INPOST,20160629,10.09,10.33,9.79,10.10,4795
INPOST,20160630,10.10,10.43,10.03,10.03,2018
INPOST,20160701,10.03,10.03,9.55,9.63,3016
INPOST,20160704,9.60,9.88,9.56,9.84,1802
INPOST,20160705,9.66,9.95,9.66,9.95,1431
INPOST,20160706,10.03,10.20,9.60,9.80,3053
INPOST,20160707,10.00,10.00,9.54,9.54,1226
INPOST,20160708,9.90,9.90,9.80,9.80,610
INPOST,20160711,9.80,9.80,9.52,9.58,4309
INPOST,20160712,9.51,9.60,9.38,9.55,2003
INPOST,20160713,9.55,9.57,9.38,9.57,2094
INPOST,20160714,9.50,9.50,8.60,8.65,21804
INPOST,20160715,8.70,8.87,8.60,8.75,5994
INPOST,20160718,8.60,8.79,8.60,8.75,1811
INPOST,20160719,8.64,8.78,8.64,8.78,1016
INPOST,20160720,8.85,9.40,8.60,9.20,30605
INPOST,20160721,9.27,9.78,9.20,9.62,29808
INPOST,20160722,9.60,9.62,9.00,9.11,7802
INPOST,20160725,9.34,9.34,8.90,9.18,5549
INPOST,20160726,9.00,9.17,9.00,9.12,4307
INPOST,20160727,9.18,9.19,9.00,9.06,3201
INPOST,20160728,9.03,9.26,9.03,9.24,5694
INPOST,20160729,9.10,9.23,9.06,9.18,791
INPOST,20160801,9.03,9.11,9.00,9.09,3227
INPOST,20160802,9.10,9.15,8.83,8.83,12092
INPOST,20160803,8.98,9.04,8.91,8.91,2536
INPOST,20160804,8.88,8.88,8.25,8.48,8153
INPOST,20160805,8.48,8.51,8.30,8.37,10483
INPOST,20160808,8.37,8.40,8.06,8.19,17324
INPOST,20160809,8.02,8.12,7.50,7.50,44056
INPOST,20160810,7.50,7.62,7.41,7.43,8921
INPOST,20160811,7.49,7.49,7.28,7.35,12625
INPOST,20160812,7.35,7.35,7.00,7.17,6216
INPOST,20160816,7.14,7.17,6.82,6.90,17467
INPOST,20160817,6.76,7.42,6.76,7.30,38762
INPOST,20160818,7.39,7.89,7.38,7.62,39558
INPOST,20160819,7.77,8.00,7.76,7.90,17819
INPOST,20160822,7.88,7.88,7.40,7.50,2554
INPOST,20160823,7.45,7.45,7.20,7.24,8075
INPOST,20160824,7.20,7.20,7.00,7.19,7113
INPOST,20160825,7.24,7.24,6.77,6.85,7016
INPOST,20160826,6.90,6.95,6.80,6.90,4341
INPOST,20160829,6.90,6.90,6.77,6.89,1736
INPOST,20160830,6.89,6.98,6.79,6.97,10611
INPOST,20160831,6.80,6.94,6.80,6.90,880
INPOST,20160901,7.00,7.09,6.99,7.00,851
INPOST,20160902,7.00,7.37,6.99,7.19,12019
INPOST,20160905,7.19,7.60,7.19,7.40,5730
INPOST,20160906,7.49,7.64,7.49,7.64,3619
INPOST,20160907,7.60,8.00,7.40,7.41,24733
INPOST,20160908,7.42,7.45,7.28,7.44,12047
INPOST,20160909,7.50,7.55,7.41,7.43,6340
INPOST,20160912,7.30,7.58,7.30,7.40,9044
INPOST,20160913,7.35,7.45,7.24,7.43,1599
INPOST,20160914,7.43,7.45,7.25,7.33,12967
INPOST,20160915,7.35,7.35,7.25,7.25,3390
INPOST,20160916,7.30,7.35,7.24,7.35,71
INPOST,20160919,7.25,7.33,7.25,7.33,421
INPOST,20160920,7.33,7.33,7.26,7.33,210
INPOST,20160921,7.33,7.72,7.27,7.27,5222
INPOST,20160922,7.27,7.35,7.11,7.30,6405
INPOST,20160923,7.40,7.40,7.13,7.30,1353
INPOST,20160926,7.15,7.29,7.12,7.25,464
INPOST,20160927,7.12,7.19,7.04,7.10,469
INPOST,20160928,7.10,7.18,7.04,7.14,3925
INPOST,20160929,7.19,7.44,7.19,7.19,666
INPOST,20160930,7.55,7.55,6.90,7.00,12286
INPOST,20161003,7.00,7.14,6.92,7.14,1366
INPOST,20161004,7.14,8.88,7.14,8.60,54691
INPOST,20161005,8.67,8.67,8.00,8.20,14101
INPOST,20161006,8.20,8.49,8.05,8.05,8768
INPOST,20161007,8.05,8.05,7.85,7.86,6730
INPOST,20161010,7.90,8.30,7.90,8.28,2520
INPOST,20161011,8.33,8.33,7.77,7.90,5051
INPOST,20161012,7.90,8.05,7.89,8.05,14580
INPOST,20161013,7.90,8.00,7.90,7.95,5593
INPOST,20161014,7.99,8.12,7.95,8.11,614
INPOST,20161017,8.11,8.11,7.95,8.10,1521
INPOST,20161018,8.02,8.20,7.95,7.95,6130
INPOST,20161019,7.95,8.48,7.95,8.00,10183
INPOST,20161020,8.00,8.09,7.95,8.08,1548
INPOST,20161021,8.00,8.29,8.00,8.20,2554
INPOST,20161024,8.18,8.19,8.04,8.04,314
INPOST,20161025,8.04,8.79,7.37,7.56,84050
INPOST,20161026,7.57,8.10,7.57,8.09,5661
INPOST,20161027,8.00,8.20,7.99,8.04,6455
INPOST,20161028,8.05,8.32,8.05,8.15,6987
INPOST,20161031,8.26,8.40,8.24,8.24,5223
INPOST,20161102,8.21,8.70,8.15,8.49,39771
INPOST,20161103,8.48,8.48,8.20,8.21,7841
INPOST,20161104,8.07,8.30,8.07,8.11,1367
INPOST,20161107,8.13,8.16,8.01,8.03,3681
INPOST,20161108,8.13,8.13,7.95,8.00,7354
INPOST,20161109,7.92,8.00,7.82,8.00,5599
INPOST,20161110,8.01,8.25,8.00,8.00,2219
INPOST,20161114,8.09,8.10,7.82,7.95,3763
INPOST,20161115,8.00,8.24,7.90,7.90,12223
INPOST,20161116,8.00,8.08,7.92,8.01,2612
INPOST,20161117,8.09,8.24,8.00,8.00,9315
INPOST,20161118,8.03,8.03,7.99,7.99,658
INPOST,20161121,8.10,8.10,7.95,7.99,1892
INPOST,20161122,8.04,8.07,7.99,8.05,963
INPOST,20161123,7.99,8.32,7.95,8.20,7793
INPOST,20161124,8.23,8.23,8.15,8.15,2127
INPOST,20161125,8.00,8.30,8.00,8.20,6306
INPOST,20161128,8.24,8.32,8.20,8.30,11444
INPOST,20161129,8.32,8.40,8.20,8.27,2032
INPOST,20161130,8.31,8.33,8.20,8.33,5202
INPOST,20161201,8.30,8.50,8.25,8.35,2413
INPOST,20161202,8.35,8.44,8.31,8.35,1016
INPOST,20161205,8.35,8.43,8.20,8.27,3101
INPOST,20161206,8.20,8.27,8.00,8.27,4217
INPOST,20161207,8.25,8.27,8.10,8.18,4838
INPOST,20161208,8.18,8.18,8.15,8.16,563
INPOST,20161209,8.19,8.23,7.90,7.95,21760
INPOST,20161212,7.99,7.99,7.83,7.83,2566
INPOST,20161213,7.80,7.80,7.33,7.45,63484
INPOST,20161214,7.50,7.50,7.36,7.39,1715
INPOST,20161215,7.33,7.60,7.33,7.60,138775
INPOST,20161216,7.60,7.77,7.60,7.65,37720
INPOST,20161219,7.65,7.85,7.65,7.85,5004
INPOST,20161220,7.87,8.33,7.70,8.20,14796
INPOST,20161221,8.29,8.29,7.99,8.00,3665
INPOST,20161222,8.01,8.16,8.00,8.00,1706
INPOST,20161223,8.02,8.10,7.99,8.00,1274
INPOST,20161227,8.00,8.32,8.00,8.20,47618
INPOST,20161228,7.80,8.10,7.80,8.09,25882
INPOST,20161229,8.05,8.18,7.77,8.00,14337
INPOST,20161230,7.99,8.00,7.87,7.87,1980
INPOST,20170102,7.90,8.00,7.90,8.00,629
INPOST,20170103,7.91,8.08,7.91,8.07,3905
INPOST,20170104,8.08,8.95,8.06,8.95,32551
INPOST,20170105,8.99,9.05,8.60,8.99,8082
INPOST,20170109,9.00,9.04,8.76,8.76,6736
INPOST,20170110,8.92,9.75,8.92,9.40,11889
INPOST,20170111,9.40,9.50,9.19,9.35,16656
INPOST,20170112,9.44,10.50,9.30,9.88,78577
INPOST,20170113,9.77,9.77,9.35,9.58,34071
INPOST,20170116,9.58,10.97,9.47,10.90,46459
INPOST,20170117,10.90,10.94,10.52,10.70,35083
INPOST,20170118,10.68,10.70,10.06,10.35,36201
INPOST,20170119,10.40,10.52,10.22,10.44,10668
INPOST,20170120,10.77,11.20,10.45,10.86,48632
INPOST,20170123,11.00,11.17,10.70,10.70,16218
INPOST,20170124,10.75,10.93,10.45,10.51,26652
INPOST,20170125,10.84,10.85,10.12,10.40,18396
INPOST,20170126,10.42,10.70,10.25,10.33,7405
INPOST,20170127,10.33,10.70,10.33,10.47,10235
INPOST,20170130,10.46,10.46,10.26,10.38,6225
INPOST,20170131,10.43,10.69,10.23,10.60,11996
INPOST,20170201,10.50,11.00,10.50,10.51,47225
INPOST,20170202,10.64,10.65,10.46,10.54,17606
INPOST,20170203,10.54,11.15,10.46,11.10,96340
INPOST,20170206,11.12,11.40,11.00,11.02,58584
INPOST,20170207,11.03,11.34,10.81,11.20,171418
INPOST,20170208,11.20,11.40,11.01,11.13,91661
INPOST,20170209,11.20,11.98,11.09,11.66,40446
INPOST,20170210,11.70,11.89,11.30,11.40,20464
INPOST,20170213,11.40,11.70,11.31,11.33,81205
INPOST,20170214,11.38,11.40,11.12,11.26,8402
INPOST,20170215,11.26,11.26,10.77,11.05,21432
INPOST,20170216,11.05,11.10,10.82,11.00,66421
INPOST,20170217,11.00,11.10,10.63,10.70,31586
INPOST,20170220,10.58,11.00,10.37,10.85,37770
INPOST,20170221,10.99,11.00,10.80,10.80,4096
INPOST,20170222,10.90,10.92,10.78,10.85,3704
INPOST,20170223,10.86,11.30,10.85,11.18,31259
INPOST,20170224,11.40,11.40,9.76,9.99,185983
INPOST,20170227,9.95,10.05,9.92,10.00,46120
INPOST,20170228,10.03,10.45,10.01,10.23,70101
INPOST,20170301,10.25,10.26,10.16,10.26,15724
INPOST,20170302,10.02,10.26,10.00,10.22,13155
INPOST,20170303,10.03,10.30,10.03,10.30,36155
INPOST,20170306,10.31,10.31,10.08,10.30,3899
INPOST,20170307,10.20,10.25,10.20,10.25,11097
INPOST,20170308,10.06,10.20,10.06,10.19,9607
INPOST,20170309,10.00,10.22,10.00,10.20,10059
INPOST,20170310,10.04,10.10,9.66,10.00,6650
INPOST,20170313,10.00,10.00,9.80,9.97,13646
INPOST,20170314,9.90,10.10,9.80,10.00,19963
INPOST,20170315,9.87,10.00,9.85,10.00,41291
INPOST,20170316,10.00,10.00,9.90,10.00,8589
INPOST,20170317,10.00,10.00,9.87,10.00,7027
INPOST,20170320,9.88,10.00,9.88,10.00,10047
INPOST,20170321,9.90,10.00,9.90,9.92,9483
INPOST,20170322,9.91,10.00,9.85,9.93,12829
INPOST,20170323,9.99,10.00,9.90,10.00,5511
INPOST,20170324,10.00,10.00,9.90,10.00,5968
INPOST,20170327,9.91,10.00,9.91,10.00,976
INPOST,20170328,9.90,9.98,9.86,9.98,8668
INPOST,20170329,9.87,9.87,9.87,9.87,83
INPOST,20170330,9.94,10.00,9.91,10.00,5981
INPOST,20170331,9.88,9.90,9.87,9.87,3147
INPOST,20170403,9.87,9.90,9.84,9.84,27296
INPOST,20170404,9.84,9.85,9.84,9.84,1485
INPOST,20170405,9.83,9.88,9.72,9.88,3313
INPOST,20170406,9.81,10.00,9.81,10.00,5980
INPOST,20170407,9.88,10.05,9.80,9.95,32312
INPOST,20170410,9.90,9.95,9.72,9.93,6585
INPOST,20170411,10.80,10.85,10.75,10.77,219720
INPOST,20170412,10.78,10.80,10.76,10.79,112029
INPOST,20170413,10.77,10.80,10.77,10.80,55801
INPOST,20170418,10.80,10.81,10.78,10.80,12406
INPOST,20170419,10.52,10.82,10.52,10.82,18454
INPOST,20170420,10.80,10.80,10.63,10.80,8917
INPOST,20170421,10.01,10.78,10.01,10.78,2719
INPOST,20170424,10.49,10.81,10.49,10.73,30010
INPOST,20170425,10.74,10.85,10.74,10.82,16214
INPOST,20170426,10.80,10.82,10.69,10.77,34930
INPOST,20170427,10.81,10.83,10.81,10.82,39111
INPOST,20170428,10.82,10.85,10.82,10.84,5243
INPOST,20170502,10.82,10.85,10.82,10.83,2762
INPOST,20170504,10.85,10.85,10.83,10.83,5198
INPOST,20170505,10.85,10.85,10.84,10.84,7955
INPOST,20170508,10.84,10.86,10.84,10.85,1351
INPOST,20170509,10.85,10.85,10.85,10.85,9147
INPOST,20170510,10.85,10.85,10.85,10.85,1616
INPOST,20170511,10.85,10.86,10.85,10.85,1303
INPOST,20170512,10.85,10.85,10.85,10.85,2720
INPOST,20170515,10.85,10.85,10.40,10.85,5540
INPOST,20170516,10.84,10.85,10.81,10.85,3246
INPOST,20170517,10.85,10.85,10.85,10.85,866
INPOST,20170518,10.85,10.86,10.85,10.85,2885
INPOST,20170519,10.85,10.86,10.85,10.86,779
INPOST,20170522,10.83,10.85,10.83,10.85,2088
INPOST,20170523,10.87,10.88,10.87,10.87,904
INPOST,20170524,10.87,10.87,10.87,10.87,128
