Name,Date,Open,High,Low,Close,Volume
RCGCOMB11202,20160517,1009.99,1009.99,1009.99,1009.99,3
RCGCOMB11202,20160520,982.92,982.92,982.92,982.92,100
RCGCOMB11202,20160628,966.90,966.90,966.90,966.90,2
RCGCOMB11202,20160809,973.20,973.20,973.20,973.20,1
RCGCOMB11202,20170302,1013.90,1013.90,1013.90,1013.90,300
RCGCOMB11202,20170410,1019.30,1019.30,1019.30,1019.30,100
RCGCOMB11202,20170626,1035.10,1035.10,1035.10,1035.10,10
RCGCOMB11202,20170630,1036.70,1036.70,1036.70,1036.70,160
RCGCOMB11202,20170719,1054.40,1054.40,1054.40,1054.40,300
