Name,Date,Open,High,Low,Close,Volume
WIG-NRCHOM,20170102,1834.65,1848.06,1832.52,1838.32,0.000
WIG-NRCHOM,20170103,1849.20,1859.51,1844.21,1856.99,0.000
WIG-NRCHOM,20170104,1865.92,1872.78,1856.89,1859.33,0.000
WIG-NRCHOM,20170105,1869.06,1874.09,1863.13,1865.20,0.000
WIG-NRCHOM,20170109,1871.50,1872.62,1861.42,1863.81,0.000
WIG-NRCHOM,20170110,1870.04,1870.39,1861.97,1870.39,0.000
WIG-NRCHOM,20170111,1872.35,1872.35,1857.20,1859.76,0.000
WIG-NRCHOM,20170112,1859.49,1866.52,1842.22,1850.31,0.000
WIG-NRCHOM,20170113,1846.64,1855.06,1826.87,1846.18,0.000
WIG-NRCHOM,20170116,1843.66,1847.02,1839.53,1844.98,0.000
WIG-NRCHOM,20170117,1852.99,1868.46,1849.58,1864.61,0.000
WIG-NRCHOM,20170118,1862.89,1867.59,1856.75,1867.59,0.000
WIG-NRCHOM,20170119,1868.14,1873.73,1861.77,1873.73,0.000
WIG-NRCHOM,20170120,1872.92,1883.26,1868.50,1881.78,0.000
WIG-NRCHOM,20170123,1882.64,1914.97,1879.94,1892.86,0.000
WIG-NRCHOM,20170124,1891.15,1914.23,1890.75,1906.58,0.000
WIG-NRCHOM,20170125,1911.58,1923.60,1910.73,1920.21,0.000
WIG-NRCHOM,20170126,1922.03,1923.08,1893.41,1894.00,0.000
WIG-NRCHOM,20170127,1896.98,1898.86,1881.76,1892.55,0.000
WIG-NRCHOM,20170130,1885.23,1909.55,1880.49,1895.12,0.000
WIG-NRCHOM,20170131,1893.71,1899.35,1884.67,1898.52,0.000
WIG-NRCHOM,20170201,1905.01,1908.97,1897.53,1900.65,0.000
WIG-NRCHOM,20170202,1901.59,1907.75,1893.38,1895.38,0.000
WIG-NRCHOM,20170203,1899.45,1905.72,1895.02,1895.94,0.000
WIG-NRCHOM,20170206,1907.43,1911.38,1891.53,1899.98,0.000
WIG-NRCHOM,20170207,1897.83,1903.94,1893.23,1893.23,0.000
WIG-NRCHOM,20170208,1894.57,1899.17,1886.52,1891.54,0.000
WIG-NRCHOM,20170209,1900.22,1921.66,1900.22,1917.31,0.000
WIG-NRCHOM,20170210,1921.49,1925.59,1914.81,1922.32,0.000
WIG-NRCHOM,20170213,1927.60,1936.57,1922.99,1929.63,0.000
WIG-NRCHOM,20170214,1927.94,1936.09,1920.52,1936.09,0.000
WIG-NRCHOM,20170215,1937.10,1944.89,1936.83,1940.59,0.000
WIG-NRCHOM,20170216,1945.13,1954.21,1941.16,1942.08,0.000
WIG-NRCHOM,20170217,1943.71,1953.17,1922.56,1922.66,0.000
WIG-NRCHOM,20170220,1920.37,1933.54,1920.37,1927.49,0.000
WIG-NRCHOM,20170221,1928.32,1932.16,1917.68,1932.16,0.000
WIG-NRCHOM,20170222,1932.99,1936.13,1925.67,1931.01,0.000
WIG-NRCHOM,20170223,1934.67,1934.67,1919.84,1922.32,0.000
WIG-NRCHOM,20170224,1927.40,1927.82,1917.65,1919.51,0.000
WIG-NRCHOM,20170227,1926.30,1935.26,1921.25,1930.24,0.000
WIG-NRCHOM,20170228,1945.72,1948.42,1912.56,1920.81,0.000
WIG-NRCHOM,20170301,1929.68,1943.08,1929.10,1934.46,0.000
WIG-NRCHOM,20170302,1939.57,1946.68,1933.02,1939.14,0.000
WIG-NRCHOM,20170303,1938.99,1938.99,1921.25,1927.78,0.000
WIG-NRCHOM,20170306,1928.59,1934.80,1923.26,1925.45,0.000
WIG-NRCHOM,20170307,1931.67,1933.62,1916.45,1932.27,0.000
WIG-NRCHOM,20170308,1931.09,1933.47,1913.96,1920.53,0.000
WIG-NRCHOM,20170309,1916.16,1923.36,1907.74,1913.01,0.000
WIG-NRCHOM,20170310,1930.11,1938.42,1925.88,1935.92,0.000
WIG-NRCHOM,20170313,1950.81,1951.84,1934.77,1940.03,0.000
WIG-NRCHOM,20170314,1943.65,1965.89,1942.50,1965.69,0.000
WIG-NRCHOM,20170315,1974.23,1981.97,1969.06,1969.06,0.000
WIG-NRCHOM,20170316,1980.50,1983.86,1959.13,1962.65,0.000
WIG-NRCHOM,20170317,1966.29,1972.35,1948.98,1948.98,0.000
WIG-NRCHOM,20170320,1975.50,1979.71,1953.19,1959.51,0.000
WIG-NRCHOM,20170321,1963.02,1963.02,1931.71,1943.37,0.000
WIG-NRCHOM,20170322,1928.15,1930.82,1908.37,1918.95,0.000
WIG-NRCHOM,20170323,1919.26,1934.18,1919.26,1928.44,0.000
WIG-NRCHOM,20170324,1927.88,1944.17,1927.88,1939.49,0.000
WIG-NRCHOM,20170327,1932.24,1937.27,1925.44,1931.40,0.000
WIG-NRCHOM,20170328,1934.96,1949.98,1934.10,1943.34,0.000
WIG-NRCHOM,20170329,1948.03,1960.11,1943.12,1951.72,14696.217
WIG-NRCHOM,20170330,1955.80,1955.80,1939.74,1944.43,5990.384
WIG-NRCHOM,20170331,1947.56,1949.86,1928.84,1933.40,5349.805
WIG-NRCHOM,20170403,1934.20,1942.86,1929.77,1939.25,3547.967
WIG-NRCHOM,20170404,1939.76,1945.90,1933.05,1933.05,7367.568
WIG-NRCHOM,20170405,1940.53,1974.14,1939.45,1974.14,8325.546
WIG-NRCHOM,20170406,1970.19,1988.11,1965.33,1988.11,7190.714
WIG-NRCHOM,20170407,1991.96,2001.24,1986.75,1994.50,7301.781
WIG-NRCHOM,20170410,2000.55,2007.25,1992.92,1999.16,5271.556
WIG-NRCHOM,20170411,2003.77,2004.32,1980.88,1986.31,3877.783
WIG-NRCHOM,20170412,1985.30,1998.53,1985.20,1991.62,4525.957
WIG-NRCHOM,20170413,1997.29,2009.07,1990.17,1998.04,4302.458
WIG-NRCHOM,20170418,2001.14,2013.24,2000.11,2004.33,10047.675
WIG-NRCHOM,20170419,2001.77,2016.87,1998.99,2012.01,11648.792
WIG-NRCHOM,20170420,2020.81,2029.44,2016.72,2021.38,27232.223
WIG-NRCHOM,20170421,2022.14,2030.77,2013.31,2018.93,11209.982
WIG-NRCHOM,20170424,2027.51,2031.25,2014.38,2026.87,6127.991
WIG-NRCHOM,20170425,2028.63,2034.91,2016.23,2034.91,7791.236
WIG-NRCHOM,20170426,2030.57,2030.57,2003.90,2022.32,14294.301
WIG-NRCHOM,20170427,2028.72,2033.11,2011.42,2016.98,7292.570
WIG-NRCHOM,20170428,2019.21,2024.44,2010.67,2013.24,6003.998
WIG-NRCHOM,20170502,2028.87,2029.05,2014.09,2018.93,6808.242
WIG-NRCHOM,20170504,2006.43,2022.97,2002.64,2016.80,6738.134
WIG-NRCHOM,20170505,2006.46,2007.25,1997.85,2003.49,10946.221
WIG-NRCHOM,20170508,2004.49,2008.54,1993.19,2008.54,10704.893
WIG-NRCHOM,20170509,2013.95,2018.70,2003.24,2005.95,4542.756
WIG-NRCHOM,20170510,2005.77,2009.33,1995.53,2009.33,9847.903
WIG-NRCHOM,20170511,1995.62,2020.18,1995.62,2020.18,20228.776
WIG-NRCHOM,20170512,2024.91,2033.80,2019.54,2029.46,15698.459
WIG-NRCHOM,20170515,2045.83,2045.83,2018.22,2029.50,7540.695
WIG-NRCHOM,20170516,2026.79,2033.85,2013.14,2025.07,7667.540
WIG-NRCHOM,20170517,2020.05,2022.69,2004.93,2006.64,7453.042
WIG-NRCHOM,20170518,1999.87,2017.53,1996.98,2014.95,6290.045
WIG-NRCHOM,20170519,2017.08,2037.00,2016.61,2037.00,4822.477
WIG-NRCHOM,20170522,2035.03,2049.95,2029.46,2033.94,3758.876
WIG-NRCHOM,20170523,2033.57,2036.88,2023.95,2031.17,2734.113
WIG-NRCHOM,20170524,2030.49,2034.42,2024.88,2034.42,3808.889
WIG-NRCHOM,20170525,2047.98,2057.23,2040.95,2057.23,3774.256
WIG-NRCHOM,20170526,2054.61,2059.35,2050.29,2056.44,7105.848
WIG-NRCHOM,20170529,2067.24,2067.24,2039.81,2050.99,5769.422
WIG-NRCHOM,20170530,2057.66,2062.36,2044.54,2055.33,7157.207
WIG-NRCHOM,20170531,2055.20,2063.36,2042.55,2047.89,9231.966
WIG-NRCHOM,20170601,2042.33,2061.18,2041.93,2057.69,7171.286
WIG-NRCHOM,20170602,2062.68,2069.77,2057.72,2061.64,4665.876
WIG-NRCHOM,20170605,2068.69,2070.57,2059.47,2059.58,4439.527
WIG-NRCHOM,20170606,2056.15,2058.97,2046.35,2056.65,7121.009
WIG-NRCHOM,20170607,2064.17,2072.28,2058.01,2071.81,6052.084
WIG-NRCHOM,20170608,2070.08,2070.39,2057.46,2063.38,8522.515
WIG-NRCHOM,20170609,2070.01,2072.23,2054.01,2061.00,7165.683
WIG-NRCHOM,20170612,2073.80,2074.90,2051.03,2051.03,4685.694
WIG-NRCHOM,20170613,2048.23,2058.51,2040.65,2056.35,4165.931
WIG-NRCHOM,20170614,2055.37,2064.52,2045.96,2058.09,5435.899
WIG-NRCHOM,20170616,2061.71,2067.76,2054.43,2056.48,3671.440
WIG-NRCHOM,20170619,2057.65,2067.97,2054.55,2067.04,5323.372
WIG-NRCHOM,20170620,2067.67,2067.67,2055.16,2064.74,6961.183
WIG-NRCHOM,20170621,2063.95,2071.39,2055.64,2071.39,5870.093
WIG-NRCHOM,20170622,2067.99,2077.34,2065.75,2077.33,9606.024
WIG-NRCHOM,20170623,2083.47,2128.21,2082.37,2121.42,9794.867
WIG-NRCHOM,20170626,2121.24,2124.49,2114.87,2123.05,12702.052
WIG-NRCHOM,20170627,2127.11,2128.37,2109.68,2127.92,5659.961
WIG-NRCHOM,20170628,2116.80,2137.33,2116.80,2127.93,5946.422
WIG-NRCHOM,20170629,2126.79,2144.37,2123.50,2134.76,7699.782
WIG-NRCHOM,20170630,2130.09,2138.95,2121.17,2130.39,8723.922
WIG-NRCHOM,20170703,2132.83,2134.65,2099.26,2109.55,2538.116
WIG-NRCHOM,20170704,2111.91,2119.41,2107.51,2116.16,3962.992
WIG-NRCHOM,20170705,2117.54,2120.75,2105.44,2108.56,5068.589
WIG-NRCHOM,20170706,2111.40,2113.95,2094.22,2096.28,3128.400
WIG-NRCHOM,20170707,2095.69,2098.05,2075.77,2098.05,3955.055
WIG-NRCHOM,20170710,2102.47,2102.47,2085.26,2094.92,3318.797
WIG-NRCHOM,20170711,2096.12,2096.12,2081.44,2081.44,1509.899
WIG-NRCHOM,20170712,2093.20,2098.63,2085.24,2098.63,6161.170
WIG-NRCHOM,20170713,2095.66,2105.13,2088.18,2098.45,2415.236
WIG-NRCHOM,20170714,2100.81,2105.45,2091.45,2105.45,1671.335
WIG-NRCHOM,20170717,2105.49,2112.30,2102.57,2107.27,3401.961
WIG-NRCHOM,20170718,2107.56,2115.71,2105.10,2111.19,5425.425
WIG-NRCHOM,20170719,2110.97,2123.13,2107.90,2123.13,8822.227
WIG-NRCHOM,20170720,2123.42,2128.74,2117.19,2120.85,3386.061
WIG-NRCHOM,20170721,2113.73,2116.94,2107.42,2109.75,3642.665
